% time     seconds  usecs/call     calls    errors syscall
------ ----------- ----------- --------- --------- ------------------
 99,18    0,072161           0     80045           brk
  0,23    0,000165          11        14           getdents64
  0,18    0,000128           1        78        24 newfstatat
  0,12    0,000085           1        46         8 openat
  0,07    0,000051           1        44           fstat
  0,05    0,000040           1        35           read
  0,05    0,000036           0        39           close
  0,04    0,000029           0        45           write
  0,03    0,000025           0        46         3 lseek
  0,03    0,000021           2         8         1 ioctl
  0,01    0,000008           2         4           fcntl
  0,00    0,000003           1         3           getcwd
  0,00    0,000002           0         4         3 readlink
  0,00    0,000002           2         1           getuid
  0,00    0,000002           2         1           getgid
  0,00    0,000002           2         1           getegid
  0,00    0,000001           1         1           geteuid
  0,00    0,000000           0         1           open
  0,00    0,000000           0        30           mmap
  0,00    0,000000           0         6           mprotect
  0,00    0,000000           0         4           munmap
  0,00    0,000000           0        66           rt_sigaction
  0,00    0,000000           0         4           rt_sigprocmask
  0,00    0,000000           0         2           pread64
  0,00    0,000000           0         1         1 access
  0,00    0,000000           0         1           execve
  0,00    0,000000           0         1           arch_prctl
  0,00    0,000000           0         1           gettid
  0,00    0,000000           0         1           futex
  0,00    0,000000           0         1           sched_getaffinity
  0,00    0,000000           0         1           set_tid_address
  0,00    0,000000           0         1           set_robust_list
  0,00    0,000000           0         2           prlimit64
  0,00    0,000000           0         3           getrandom
  0,00    0,000000           0         1           rseq
------ ----------- ----------- --------- --------- ------------------
100,00    0,072761           0     80542        40 total
