cmd: ./gol
events: Ir
fl=./csu/../csu/libc-start.c
fn=__libc_start_main@@GLIBC_2.34
128 2
134 3
135 7
138 1
139 2
142 3
143 7
144 6
145 4
242 13
311 2
312 4
337 6
340 2
343 2
350 2
352 2
360 4
fl=./csu/../sysdeps/nptl/libc_start_call_main.h
fn=(below main)
30 6
45 5
47 2
52 2
53 2
56 2
59 5
83 2
fl=./csu/./csu/init-first.c
fn=_init_first
46 5
51 2
55 5
61 1
62 1
63 2
71 2
72 1
fl=./ctype/./ctype/ctype-info.c
fn=__ctype_init
37 1
39 7
41 4
42 2
43 2
44 1
fl=./debug/../sysdeps/x86_64/multiarch/ifunc-memmove.h
fn=__memcpy_chk
56 3
57 2
60 3
61 2
74 2
77 2
85 2
93 2
96 5
fn=__memmove_chk
56 3
57 2
60 3
61 2
74 2
77 2
85 2
93 2
96 5
fn=__mempcpy_chk
56 3
57 2
60 3
61 2
74 2
77 2
85 2
93 2
96 5
fl=./debug/../sysdeps/x86_64/multiarch/ifunc-memset.h
fn=__memset_chk
52 1
53 2
61 5
64 3
65 2
80 2
84 4
92 2
100 2
fl=./debug/../sysdeps/x86_64/multiarch/memcpy_chk.c
fn=__memcpy_chk
29 1
fl=./debug/../sysdeps/x86_64/multiarch/memmove_chk.c
fn=__memmove_chk
29 1
fl=./debug/../sysdeps/x86_64/multiarch/mempcpy_chk.c
fn=__mempcpy_chk
29 1
fl=./debug/../sysdeps/x86_64/multiarch/memset_chk.c
fn=__memset_chk
29 2
fl=./debug/./debug/fprintf_chk.c
fn=__fprintf_chk
25 38500154
28 11000044
32 16500066
33 5500022
37 13750055
fl=./debug/./debug/printf_chk.c
fn=__printf_chk
25 21
28 4
32 6
33 4
37 5
fl=./debug/./debug/sprintf_chk.c
fn=__sprintf_chk
25 154
28 44
36 22
39 66
40 33
44 55
fl=./elf/../bits/stdlib-bsearch.h
fn=intel_check_word.constprop.0
26 888
28 972
43 72
44 60
fl=./elf/../elf/dl-tls.c
fn=_dl_add_to_slotinfo
1177 5
1178 5
1186 1
1189 1
1190 1
1194 3
1230 2
1233 2
1234 3
1236 1
1239 1
1240 2
fn=_dl_allocate_tls_init
612 10
613 2
617 1
619 1
620 1
623 2
626 5
638 3
643 16
649 4
652 3
653 2
659 3
660 2
662 9
665 2
666 2
669 2
670 4
672 2
673 2
682 1
692 2
694 11
698 1
702 2
706 2
708 2
711 1
714 9
fn=_dl_allocate_tls_storage
97 1
103 1
465 1
469 2
470 1
471 2
480 2
517 8
523 2
525 2
535 1
540 2
545 6
fn=_dl_assign_tls_modid
161 4
164 2
177 1
217 1
219 1
222 1
223 2
fn=_dl_count_modids
228 1
230 2
231 1
246 2
fn=_dl_determine_tlsoffset
251 8
252 2
253 1
254 1
286 1
288 11
289 4
291 12
294 3
295 2
297 2
299 4
315 8
318 1
320 5
323 1
327 1
344 3
350 9
361 3
363 1
364 7
366 2
455 1
456 7
fn=_dl_tls_initial_modid_limit_setup
1138 1
1139 1
1142 7
1144 6
1145 4
1148 2
1151 1
1152 1
fn=_dl_tls_static_surplus_init
119 3
133 8
136 5
137 5
138 3
140 4
143 1
145 1
147 3
148 6
fl=./elf/../include/list.h
fn=__tls_init_tp
43 2
44 2
45 1
47 1
fl=./elf/../include/rtld-malloc.h
fn=__minimal_calloc
56 8
fn=_dl_allocate_tls_storage
44 2
56 1
fn=_dl_check_map_versions
44 9
fn=_dl_find_object_init
56 1
fn=_dl_important_hwcaps
56 4
fn=_dl_init_paths
56 4
fn=_dl_map_object_deps
56 6
fn=_dl_new_object
44 9
56 6
fn=fillin_rpath.isra.0
50 2
51 1
56 2
fn=init_tls
44 3
fl=./elf/../include/scratch_buffer.h
fn=_dl_map_object_deps
77 3
78 1
85 3
131 6
fl=./elf/../include/stackinfo.h
fn=_dl_map_object_from_fd
62 96
fn=dl_main
62 8
fl=./elf/../misc/sbrk.c
fn=sbrk
37 5
40 1
58 2
62 2
78 3
fl=./elf/../nptl/nptl-stack.h
fn=__libc_early_init
61 7
fl=./elf/../sysdeps/generic/dl-cache.h
fn=_dl_load_cache_lookup
125 1
194 1
195 5
fl=./elf/../sysdeps/generic/dl-call_tls_init_tp.h
fn=init_tls
31 8
33 1
fl=./elf/../sysdeps/generic/dl-debug.h
fn=dl_main
29 4
30 1
fl=./elf/../sysdeps/generic/dl-new-hash.h
fn=_dl_lookup_symbol_x
69 104
70 208
74 801
77 1602
80 747
81 1494
87 50
88 50
89 100
90 50
99 697
101 697
102 1394
104 697
105 697
fl=./elf/../sysdeps/generic/dl-protected.h
fn=do_lookup_x
29 408
fl=./elf/../sysdeps/generic/ldsodefs.h
fn=_dl_lookup_map
96 18
99 10
100 4
fn=_dl_map_object_from_fd
96 8
99 4
100 2
fn=_dl_relocate_object_no_relro
79 23
152 285
fn=_dl_start
79 6
fn=dl_main
79 2
96 7
99 4
100 1
fn=do_lookup_x
151 200
152 300
fl=./elf/../sysdeps/nptl/dl-mutex.c
fn=__rtld_mutex_init
30 5
37 1
40 6
44 2
45 10
47 7
51 2
52 7
53 4
fl=./elf/../sysdeps/nptl/dl-tls_init_tp.c
fn=__tls_init_tp
69 4
70 1
73 1
76 4
77 2
78 1
79 1
84 2
89 4
92 1
95 3
111 4
113 1
119 2
120 2
fn=__tls_pre_init_tp
54 4
57 9
62 2
63 1
65 1
fn=rtld_mutex_dummy
43 8
45 16
fl=./elf/../sysdeps/nptl/pthread_early_init.h
fn=__libc_early_init
33 6
34 1
38 5
45 2
46 1
48 2
52 5
53 1
54 1
56 1
fl=./elf/../sysdeps/posix/dl-fileid.h
fn=_dl_map_object_from_fd
37 8
40 4
41 4
49 12
fl=./elf/../sysdeps/unix/sysv/linux/brk.c
fn=brk
36 1
37 1
38 2
44 1
45 1
fl=./elf/../sysdeps/unix/sysv/linux/brk_call.h
fn=brk
24 2
fl=./elf/../sysdeps/unix/sysv/linux/dl-extra_tls.h
fn=_dl_determine_tlsoffset
32 4
33 3
37 10
44 1
51 4
52 3
54 1
fl=./elf/../sysdeps/unix/sysv/linux/dl-osinfo.h
fn=dl_main
39 2
52 1
fl=./elf/../sysdeps/unix/sysv/linux/dl-parse_auxv.h
fn=_dl_sysdep_parse_arguments
33 2
34 1
35 1
42 92
43 44
44 44
46 1
47 2
48 2
49 2
50 2
51 2
52 2
53 2
54 3
55 4
57 4
65 5
67 6
fl=./elf/../sysdeps/unix/sysv/linux/dl-sysdep.c
fn=_dl_sysdep_parse_arguments
78 8
79 2
80 2
81 3
82 93
83 189
86 2
90 56
93 2
94 4
95 2
96 8
fn=_dl_sysdep_start
102 6
103 1
106 2
110 2
113 1
115 2
122 3
123 2
125 5
137 3
140 5
143 4
fn=_dl_sysdep_start_cleanup
147 1
148 1
fl=./elf/../sysdeps/unix/sysv/linux/dl-vdso-setup.h
fn=dl_main
30 1
33 1
36 1
39 1
45 1
54 1
fl=./elf/../sysdeps/unix/sysv/linux/dl-vdso.h
fn=dl_main
40 2
41 5
55 2
fl=./elf/../sysdeps/unix/sysv/linux/rseq-internal.h
fn=__tls_init_tp
93 4
100 3
108 4
112 5
116 2
118 5
119 2
124 1
fl=./elf/../sysdeps/unix/sysv/linux/x86/dl-hwcap2.h
fn=update_active.constprop.0
25 2
fl=./elf/../sysdeps/unix/sysv/linux/x86/dl-minsigstacksize.h
fn=get_common_indices.constprop.0
24 2
27 2
28 2
65 3
74 2
fl=./elf/../sysdeps/x86/cpu-features.c
fn=get_common_indices.constprop.0
431 3
435 4
438 5
442 1
443 4
444 4
445 4
446 3
447 2
454 2
456 7
461 7
468 2
469 7
475 2
490 3
fn=init_cpu_features.constprop.0
409 3
410 2
411 6
416 2
417 6
422 2
423 8
565 4
728 8
731 1
732 1
733 1
740 1
742 1
751 3
754 6
755 1
758 1
760 6
765 1
769 1
770 3
773 3
775 4
781 5
788 1
809 1
811 2
818 2
821 2
901 2
908 2
926 1
927 2
968 2
975 2
977 2
981 2
987 2
1148 3
1149 2
1152 2
1153 2
1156 4
1163 1
1164 1
1165 1
1166 1
1170 4
1173 4
1182 3
1186 1
1195 2
1196 3
1236 1
1237 2
1241 3
1258 3
1259 3
1262 2
1265 1
1268 2
1282 4
1284 4
1288 2
1291 4
1294 1
1297 1
1329 4
1336 8
fn=update_active.constprop.0
90 7
94 1
102 3
103 3
104 2
112 3
113 1
121 4
122 1
127 4
130 5
131 1
134 5
135 2
139 5
140 3
141 3
142 2
146 5
147 5
148 3
150 2
151 4
165 2
169 6
170 4
172 3
176 4
182 2
184 2
188 1
189 1
196 4
198 4
204 4
206 4
208 6
213 5
262 2
263 3
279 4
295 2
299 2
300 1
303 4
307 2
311 3
312 2
316 1
317 1
320 2
322 1
323 1
326 2
389 2
393 3
402 1
403 7
fl=./elf/../sysdeps/x86/dl-cacheinfo.h
fn=get_common_cache_info.constprop.0
624 11
639 1
642 1
643 1
649 1
651 13
654 2
666 1
671 4
675 2
680 1
683 16
690 8
693 26
698 2
702 3
703 2
707 2
711 3
714 4
715 1
720 4
726 4
730 3
734 7
736 3
738 4
740 7
742 2
744 8
746 4
749 2
754 1
756 4
757 3
758 1
761 2
764 2
771 1
773 4
774 2
779 2
784 2
785 1
786 3
787 1
812 3
823 4
824 5
828 2
835 1
836 1
837 1
838 7
fn=handle_intel.constprop.0
261 108
266 24
272 12
278 48
282 24
287 24
290 36
292 24
295 60
297 24
316 96
fn=init_cpu_features.constprop.0
861 2
863 4
864 3
865 2
868 3
870 3
871 2
873 3
875 3
877 3
879 3
881 3
882 2
884 3
886 3
888 3
890 6
964 2
965 2
966 2
967 2
968 2
969 1
970 1
971 2
972 1
973 2
974 1
975 1
980 3
994 3
995 7
1000 2
1001 7
1002 2
1010 6
1011 2
1031 6
1040 2
1041 2
1046 3
1049 1
1050 2
1060 3
1066 3
1073 5
1075 1
1076 5
1078 5
1080 1
1086 3
1090 5
1091 3
1095 5
1096 3
1100 5
1101 1
1107 6
1109 2
1133 12
1139 3
1142 9
1144 10
1145 10
1146 13
1149 12
1157 2
1158 7
1159 2
1160 2
1161 1
1162 2
1163 1
fn=intel_check_word.constprop.0
120 648
123 324
129 192
133 48
135 12
139 168
141 144
143 60
145 180
153 120
162 24
165 99
168 123
172 58
174 189
177 98
178 90
179 78
180 66
182 11
184 22
186 12
187 16
188 12
189 20
190 14
191 9
193 8
194 12
197 21
200 2
204 192
212 120
219 24
226 168
257 144
fl=./elf/../sysdeps/x86/dl-get-cpu-features.c
fn=__x86_cpu_features
39 3
76 3
fn=_dl_x86_init_cpu_features
37 1
39 3
41 1
fl=./elf/../sysdeps/x86/dl-isa-level.h
fn=_dl_load_cache_lookup
28 6
fl=./elf/../sysdeps/x86/dl-prop.h
fn=_dl_map_object_from_fd
149 12
fn=_dl_process_pt_gnu_property
95 20
102 10
115 10
118 5
252 4
253 2
254 6
255 3
257 20
260 6
fn=dl_main
36 2
37 12
40 4
49 22
53 20
71 3
149 6
fl=./elf/../sysdeps/x86/get-isa-level.h
fn=_dl_hwcaps_subdirs_active
31 4
32 3
39 5
40 4
48 3
51 4
54 2
fn=update_active.constprop.0
28 1
30 1
31 3
32 3
39 4
40 3
47 1
48 3
51 4
54 2
63 5
fl=./elf/../sysdeps/x86_64/dl-cet.c
fn=_dl_cet_check
145 2
150 1
157 3
174 2
179 1
275 2
276 1
277 2
282 4
283 3
285 1
288 2
293 2
296 1
300 2
302 2
303 2
304 1
305 2
313 2
361 5
363 2
fn=_dl_cet_setup_features
331 1
334 2
350 1
fl=./elf/../sysdeps/x86_64/dl-hwcaps-subdirs.c
fn=_dl_hwcaps_subdirs_active
29 1
38 2
43 1
51 5
52 2
fl=./elf/../sysdeps/x86_64/dl-irel.h
fn=_dl_fixup
32 1
fl=./elf/../sysdeps/x86_64/dl-machine.h
fn=_dl_fixup
223 11
fn=_dl_relocate_object_no_relro
78 12
84 4
88 3
94 1
103 2
126 2
262 218
269 218
273 218
282 1241
286 514
302 7
312 654
315 15
318 15
395 45
397 60
401 45
410 30
418 190
471 94
473 47
474 47
493 9
498 6
499 12
509 26
513 26
516 39
517 13
725 24
729 4
fn=_dl_start
55 2
273 3
282 10
286 4
312 4
fn=_dl_sysdep_start
209 1
fl=./elf/../sysdeps/x86_64/dl-runtime.h
fn=_dl_fixup
28 11
fl=./elf/../sysdeps/x86_64/dl-trampoline.h
fn=_dl_runtime_resolve_xsave
39 11
44 11
47 11
49 11
59 11
65 11
66 11
67 11
68 11
69 11
70 11
71 11
75 11
76 11
79 11
80 11
82 11
83 11
84 11
85 11
86 11
87 11
89 11
96 11
97 11
98 11
99 11
104 11
105 11
106 11
108 11
109 11
110 11
111 11
112 11
113 11
114 11
116 11
118 11
122 11
124 11
fl=./elf/./dl-find_object.h
fn=_dl_find_object_from_map
103 8
105 8
106 8
107 4
115 8
116 8
121 16
122 164
124 252
127 12
132 4
143 8
148 4
149 4
fl=./elf/./dl-hwcaps.h
fn=_dl_important_hwcaps
43 14
45 6
46 1
77 8
78 8
79 5
fl=./elf/./dl-load.h
fn=_dl_map_object_from_fd
91 16
92 4
93 5
94 3
96 4
fl=./elf/./dl-main.h
fn=dl_main
109 5
fl=./elf/./dl-map-segments.h
fn=_dl_map_object_from_fd
29 6
30 16
82 2
102 2
103 4
106 6
107 4
109 4
126 2
136 32
138 24
140 54
141 6
150 32
156 4
157 2
158 6
159 4
161 6
166 4
169 6
177 18
183 4
186 7
189 9
192 2
194 3
224 8
fl=./elf/./dl-sym-post.h
fn=lookup_malloc_symbol
41 8
53 12
fl=./elf/./dl-tls_block_align.h
fn=_dl_allocate_tls_storage
23 1
41 2
47 5
48 1
52 305
fl=./elf/./elf/dl-audit.c
fn=_dl_audit_activity_map
29 1
31 4
fn=_dl_audit_activity_nsid
41 3
45 9
46 3
47 15
fn=_dl_audit_objclose
97 4
98 16
fn=_dl_audit_objopen
77 2
78 8
fn=_dl_audit_preinit
118 1
119 4
fl=./elf/./elf/dl-cache.c
fn=_dl_cache_libcmp
340 22
341 120
343 212
345 108
351 3
352 2
353 46
355 4
357 2
363 104
365 104
366 30
369 42
370 42
373 3
fn=_dl_load_cache_lookup
186 10
199 2
206 21
208 50
209 20
213 20
217 30
218 20
226 5
228 1
231 2
233 6
235 7
245 2
255 3
256 4
272 5
281 2
286 2
313 2
329 9
330 4
332 5
386 10
388 2
391 3
394 5
402 5
403 8
406 7
407 1
414 1
415 2
465 3
468 2
483 2
495 3
496 15
497 4
498 1
499 15
fn=_dl_unload_cache
508 3
509 4
511 2
512 1
516 1
518 2
fl=./elf/./elf/dl-call-libc-early-init.c
fn=_dl_call_libc_early_init
27 6
29 2
33 7
37 3
39 4
40 2
41 2
fl=./elf/./elf/dl-call_fini.c
fn=_dl_call_fini
24 32
28 8
32 4
34 4
35 8
38 10
39 4
42 10
43 2
47 4
48 8
49 6
50 22
fl=./elf/./elf/dl-catch.c
fn=_dl_catch_error
258 10
260 5
261 2
262 2
263 2
265 7
fn=_dl_catch_exception
58 9
59 6
69 6
70 15
208 24
211 6
218 3
232 15
239 18
241 9
243 12
252 9
fn=_dl_receive_error
58 2
59 1
69 2
70 2
190 5
192 1
196 1
198 2
201 1
202 4
fl=./elf/./elf/dl-debug.c
fn=_dl_debug_change_state
104 2
105 2
107 12
111 2
fn=_dl_debug_initialize
76 2
120 2
122 2
127 3
128 2
154 1
157 2
160 2
162 3
169 2
fn=_dl_debug_post_relocate
46 4
51 1
52 10
54 5
56 7
57 3
70 2
fn=_dl_debug_update
76 6
77 3
94 3
96 6
100 3
fl=./elf/./elf/dl-debug_state.c
fn=_dl_debug_state
28 2
29 2
fl=./elf/./elf/dl-deps.c
fn=_dl_map_object_deps
128 2
129 5
130 6
132 3
136 8
143 14
144 20
160 9
161 1
164 1
182 1
183 5
184 1
186 1
188 9
190 12
193 4
197 12
198 25
201 6
205 4
208 16
210 8
215 2
216 2
217 4
218 4
219 2
221 228
222 106
228 24
230 2
232 11
233 4
242 2
244 4
249 14
252 2
253 2
254 2
255 4
256 2
257 2
259 8
263 6
264 3
266 153
417 8
419 8
422 6
423 6
429 2
430 6
431 12
434 2
435 2
439 12
441 4
442 17
448 5
449 1
452 4
463 5
465 4
470 5
471 1
472 2
474 15
478 4
484 8
485 11
490 4
494 2
495 3
532 2
533 2
547 9
548 1
552 9
553 3
557 1
559 2
560 1
561 3
568 3
571 2
574 8
fn=openaux
61 12
64 22
65 2
68 2
69 6
fl=./elf/./elf/dl-environ.c
fn=_dl_next_ld_env_entry
28 3
29 3
32 283
34 186
35 22
37 2
40 4
42 2
45 91
fl=./elf/./elf/dl-execstack-tunable.c
fn=_dl_handle_execstack_tunable
24 4
25 9
39 2
fl=./elf/./elf/dl-find_object.c
fn=_dl_find_object_init
578 6
581 1
583 2
584 3
596 2
597 4
599 2
602 3
607 1
608 1
611 4
613 1
616 6
618 1
621 5
fn=_dlfo_process_initial
505 16
506 2
508 2
509 4
514 20
515 22
516 8
518 28
521 24
524 34
529 18
531 9
532 3
533 12
546 2
548 18
fn=_dlfo_sort_mappings
553 8
554 2
557 9
561 4
562 26
563 6
565 6
570 10
571 16
572 6
574 4
fl=./elf/./elf/dl-fini.c
fn=_dl_fini
26 10
43 1
46 12
49 2
51 1
54 2
56 5
61 1
63 4
68 17
72 1
74 16
76 8
78 8
80 8
81 4
82 4
86 4
93 6
94 6
100 6
109 2
114 27
116 4
118 8
120 16
123 8
128 4
131 2
135 5
141 6
143 1
147 2
154 8
fl=./elf/./elf/dl-hwcaps.c
fn=_dl_important_hwcaps
51 16
53 2
54 4
56 4
76 16
78 2
79 16
83 2
85 6
86 2
87 2
99 5
101 3
104 1
111 5
124 15
126 10
127 4
128 4
129 2
132 4
141 20
142 12
144 1
150 4
154 5
155 2
156 3
160 1
161 3
162 2
171 15
173 2
174 2
184 2
185 2
188 4
192 2
193 3
200 1
201 5
207 2
208 1
212 3
215 9
fl=./elf/./elf/dl-hwcaps_split.c
fn=_dl_hwcaps_split
25 2
26 3
27 1
47 1
fn=_dl_hwcaps_split_masked
26 33
30 24
34 84
35 12
36 24
41 27
42 18
43 9
45 24
51 110
55 5
56 9
57 27
58 24
60 6
62 88
67 12
fl=./elf/./elf/dl-init.c
fn=_dl_init
29 10
35 25
37 26
81 13
82 1
83 1
86 3
89 2
94 4
119 1
120 20
121 8
127 8
fn=call_init.part.0
26 48
43 12
46 12
47 2
51 6
59 9
60 6
63 3
64 6
70 6
72 14
73 16
74 16
76 32
fl=./elf/./elf/dl-iteratephdr.c
fn=dl_iterate_phdr
33 11
39 5
44 1
45 2
47 1
48 4
62 4
64 3
65 2
66 2
67 2
68 4
69 2
70 1
71 2
72 2
74 5
75 2
81 2
84 12
fl=./elf/./elf/dl-load.c
fn=_dl_dst_count
228 14
231 4
234 4
235 2
254 14
fn=_dl_init_paths
680 13
694 4
699 1
701 2
708 5
709 1
713 4
715 5
721 1
722 1
730 9
732 7
735 5
736 7
737 1
740 12
741 9
742 18
744 28
750 1
751 1
756 1
759 3
761 4
763 3
780 1
782 3
796 2
799 5
801 22
805 4
806 60
807 14
808 28
810 1
811 1
812 2
818 7
821 3
827 1
831 8
fn=_dl_lookup_map
1917 18
1918 6
1919 6
1922 36
1927 49
1929 35
1931 16
1932 10
1944 2
1945 18
fn=_dl_map_new_object
656 9
670 5
1952 30
1954 2
1962 4
1969 2
1974 6
1988 10
1992 4
1994 2
2001 4
2005 1
2006 1
2010 6
2025 2
2026 7
2036 2
2051 2
2052 16
2058 3
2067 2
2069 3
2073 3
2075 2
2079 2
2087 2
2110 9
2114 3
2115 1
2132 2
2139 4
2140 2
2141 2
2145 9
2148 3
2160 6
2206 24
2208 16
fn=_dl_map_object
2213 42
2214 9
2215 9
2217 12
2218 22
fn=_dl_map_object_from_fd
948 28
963 8
984 4
999 29
1000 10
1018 4
1048 8
1054 2
1058 4
1065 16
1066 4
1077 4
1078 16
1079 4
1081 2
1082 8
1083 2
1086 16
1087 6
1098 2
1100 2
1102 40
1103 2
1104 2
1105 2
1106 2
1112 91
1113 233
1119 4
1126 5
1127 6
1128 20
1133 2
1134 1
1139 52
1147 24
1148 36
1149 48
1150 8
1151 16
1153 56
1155 16
1168 34
1173 8
1177 3
1181 4
1182 1
1186 5
1187 2
1190 1
1195 4
1211 2
1214 6
1219 8
1229 34
1230 16
1236 4
1246 8
1253 14
1269 8
1270 6
1276 4
1277 4
1279 4
1289 6
1308 6
1310 10
1330 6
1331 2
1337 68
1338 123
1344 35
1349 8
1362 4
1364 8
1366 4
1382 4
1386 4
1387 4
1404 4
1405 1
1408 8
1413 4
1418 4
1428 8
1429 7
1430 3
1436 4
1437 4
1442 2
1449 6
1452 4
1455 8
1457 2
1458 18
fn=_dl_notify_new_object
908 18
910 6
911 6
928 4
932 10
933 6
935 10
fn=_dl_process_pt_gnu_property
842 3
843 9
844 3
850 6
856 15
859 9
860 6
861 6
864 9
865 9
869 3
870 6
874 10
875 5
878 10
881 5
882 15
892 9
894 12
fn=expand_dynamic_string_token
231 6
234 4
375 16
389 4
400 10
fn=fillin_rpath.isra.0
442 18
446 1
448 12
455 2
457 6
461 2
466 3
467 2
474 4
479 2
483 15
484 8
502 4
506 3
508 2
512 1
513 2
514 4
515 1
517 2
523 7
524 11
525 4
527 2
528 3
529 1
535 2
536 1
539 3
545 1
548 8
fn=open_path
1760 8
1761 2
1764 1
1765 1
1767 2
1770 2
1772 21
1775 2
1783 3
1790 8
1791 24
1794 6
1799 33
1802 6
1808 6
1809 2
1811 24
1813 9
1815 6
1821 18
1827 9
1829 18
1830 3
1832 3
1834 8
1890 8
1894 1
1896 4
1899 3
1913 9
fn=open_verify.constprop.0
1511 60
1543 15
1548 6
1562 25
1564 10
1572 2
1573 4
1578 8
1579 4
1580 4
1582 6
1584 4
1590 4
1605 29
1688 4
1693 4
1701 8
1707 4
1713 4
1714 8
1718 15
1719 5
1742 6
1747 45
fl=./elf/./elf/dl-lookup-direct.c
fn=_dl_lookup_direct
32 15
33 9
35 6
36 6
48 9
51 6
53 21
57 9
58 18
59 15
74 39
76 6
78 18
79 6
81 15
84 25
86 9
93 6
115 3
116 27
fl=./elf/./elf/dl-lookup.c
fn=_dl_lookup_symbol_x
767 1560
769 208
770 208
771 312
773 104
777 402
780 208
782 208
786 1164
787 1768
792 416
794 28
811 4
812 8
815 100
816 680
823 100
851 400
865 300
866 2
868 200
885 200
887 936
fn=check_match
70 1111
73 808
78 2
86 505
89 489
93 202
94 202
98 196
102 196
103 882
104 873
109 3
110 1
111 2
141 6
143 18
144 12
158 100
159 707
fn=do_lookup_x
344 1560
350 104
351 104
355 1011
358 674
362 674
383 674
387 674
393 1011
397 337
398 337
401 1685
402 1011
405 337
406 674
408 337
409 936
410 674
413 1348
416 2359
419 200
420 300
421 200
423 200
426 1165
428 303
429 2615
430 202
433 1103
436 399
473 200
480 776
484 18
496 200
497 100
498 100
515 711
518 8
519 832
fl=./elf/./elf/dl-minimal-malloc.c
fn=__minimal_calloc
80 40
84 8
87 8
88 24
fn=__minimal_free
97 1
99 4
fn=__minimal_malloc
36 36
37 72
42 3
43 2
44 2
48 95
51 160
56 8
57 8
59 2
60 14
62 4
64 10
65 8
67 4
70 24
71 26
73 32
fl=./elf/./elf/dl-minimal.c
fn=__rtld_malloc_init_real
76 10
86 2
88 1
89 1
91 4
92 5
93 5
94 4
99 1
100 1
101 1
102 1
103 8
fn=__rtld_malloc_init_stubs
42 1
43 2
44 2
45 2
46 2
47 1
fn=lookup_malloc_symbol
61 24
63 4
64 32
68 32
69 24
71 4
72 12
fn=strsep
239 2
242 6
244 2
245 4
247 3
249 47
251 28
254 56
256 84
264 14
267 1
271 4
fl=./elf/./elf/dl-misc.c
fn=_dl_name_match_p
68 98
69 56
70 17
72 14
74 58
75 90
78 15
80 11
81 56
fn=_dl_sysdep_read_whole_file
36 8
39 3
40 3
42 7
44 2
47 2
49 9
60 4
63 6
fl=./elf/./elf/dl-object.c
fn=_dl_add_to_namespace_list
31 21
33 6
35 19
38 20
40 2
42 2
45 2
46 6
47 6
48 6
50 6
51 9
fn=_dl_new_object
59 45
62 6
64 2
66 3
67 6
71 2
77 1
80 2
83 13
87 4
92 2
95 6
98 3
99 9
103 6
104 21
106 3
119 13
123 2
125 1
127 21
130 6
131 6
132 3
136 6
139 34
141 20
149 6
150 3
153 1
155 15
157 8
160 8
164 8
168 14
176 1
179 6
189 12
191 8
195 6
199 4
200 4
208 2
212 2
245 8
250 84
251 84
255 4
256 2
259 2
263 27
fl=./elf/./elf/dl-reloc.c
fn=_dl_protect_relro
352 6
353 3
356 6
359 2
363 2
364 7
370 3
fn=_dl_relocate_object
343 20
344 12
346 3
348 9
353 9
356 18
359 6
363 6
364 18
fn=_dl_relocate_object_no_relro
170 624
171 190
174 979
175 84
177 7
178 21
182 176
183 88
184 88
186 710
187 410
188 164
190 680
193 88
194 616
196 7
207 52
217 6
220 4
223 8
226 12
246 12
247 8
248 2
250 8
257 16
296 11406
298 16
321 4
324 8
338 32
fl=./elf/./elf/dl-runtime.c
fn=_dl_fixup
46 110
48 88
49 33
54 11
55 44
56 77
58 11
63 22
67 22
69 55
71 33
75 33
76 44
84 11
85 33
95 110
99 55
109 110
123 1
124 44
125 3
133 33
159 33
163 88
fl=./elf/./elf/dl-setup_hash.c
fn=_dl_setup_hash
25 4
28 12
31 12
32 8
33 4
34 4
36 12
37 4
38 12
40 4
41 8
43 4
45 16
50 4
fl=./elf/./elf/dl-sort-maps.c
fn=_dl_sort_maps
140 40
181 2
182 2
183 34
184 16
211 32
216 8
218 8
219 10
221 26
223 8
226 32
244 14
263 6
276 8
283 2
298 26
306 6
310 16
fn=_dl_sort_maps_init
289 4
290 4
291 1
292 3
293 2
fn=dfs_traversal.part.0
135 40
140 20
143 8
145 24
147 55
156 28
171 24
172 8
173 16
fl=./elf/./elf/dl-tunables.c
fn=__GI___tunable_set_val
73 54
83 6
94 24
95 30
99 12
101 24
105 6
112 12
113 12
116 12
117 6
118 6
119 6
162 24
166 6
fn=__GI___tunables_init
43 470
46 93
49 11435
53 186
57 93
188 93
255 1
294 11
300 3
304 32
306 1
317 2604
319 3348
320 837
322 2511
337 6
340 27
343 27
352 8
fn=__tunable_get_val
435 70
438 309
447 46
448 14
457 27
464 105
466 35
fl=./elf/./elf/dl-tunables.h
fn=__GI___tunables_init
160 1221
161 3854
fl=./elf/./elf/dl-version.c
fn=_dl_check_all_versions
399 7
401 3
403 17
404 4
405 24
408 7
fn=_dl_check_map_versions
36 26
37 5
38 39
56 40
64 20
70 30
86 10
87 20
89 10
94 288
99 8
108 218
110 10
113 80
120 297
124 99
155 36
156 4
164 4
170 12
172 12
174 12
175 4
177 8
180 4
184 4
200 4
208 4
213 6
215 8
217 30
218 90
221 20
224 30
225 14
228 6
231 40
234 30
239 8
243 6
257 15
260 4
263 218
266 165
270 51
274 9
279 3
280 12
281 9
291 3
294 17
296 6
299 8
303 6
306 30
308 40
310 40
311 20
312 30
313 30
316 30
321 8
324 6
334 6
337 4
341 51
343 106
347 51
348 204
349 153
350 51
353 171
357 51
364 201
365 134
366 18
372 6
373 4
374 4
375 2
377 4
379 124
380 60
382 2
383 5
394 36
fl=./elf/./elf/do-rel.h
fn=_dl_relocate_object_no_relro
48 8
49 24
50 40
51 4
53 40
72 7
73 12
80 24
83 43
85 52
96 2
97 3
105 21
114 25
117 28
120 20
122 469
124 750
125 600
126 412
127 412
129 450
132 188
133 47
134 47
141 324
142 45
155 6
156 208
157 186
160 141
162 188
163 47
164 47
171 22
173 42
174 12
176 18
184 6
187 18
202 5
fn=_dl_start
48 2
49 6
50 8
51 1
53 10
56 4
61 8
63 2
64 2
65 1
fl=./elf/./elf/get-dynamic-info.h
fn=_dl_map_object_from_fd
39 4
43 2
45 194
49 94
51 26
52 13
53 3
54 40
55 32
56 10
59 8
62 8
64 8
68 47
72 8
84 7
85 8
86 8
87 8
88 7
89 7
90 7
91 8
103 16
110 6
115 2
122 2
123 6
129 6
130 3
147 6
152 2
154 2
156 2
158 2
159 1
162 6
164 6
165 4
174 4
175 6
180 4
181 2
184 4
fl=./elf/./elf/libc_early_init.c
fn=__libc_early_init
34 8
36 1
39 2
42 2
47 2
50 4
51 2
fl=./elf/./elf/rtld.c
fn=_dl_start
84 8
454 1
458 5
476 2
477 2
479 1
481 2
490 1
496 4
498 2
519 10
545 1
548 2
549 1
565 189
567 1
585 9
fn=dl_main
84 20
91 15
92 2
100 9
196 2
198 1
223 4
224 5
225 4
295 3
301 1
302 1
820 1
822 1
831 1
833 1
838 1
1094 1
1095 1
1097 1
1101 3
1103 1
1104 1
1119 1
1122 55
1123 130
1127 3
1132 3
1133 9
1142 1
1143 2
1145 2
1147 1
1155 8
1156 24
1157 8
1158 1
1160 12
1161 14
1165 8
1166 8
1167 4
1171 8
1203 3
1209 28
1210 64
1216 18
1222 4
1225 3
1227 2
1252 2
1253 2
1255 2
1257 1
1258 2
1261 1
1267 1
1268 28
1269 11
1270 22
1272 16
1273 8
1274 16
1279 12
1286 3
1287 2
1289 3
1356 13
1361 1
1362 1
1368 1
1378 3
1379 4
1646 9
1648 2
1649 3
1650 2
1651 3
1655 2
1656 2
1679 1
1685 3
1686 6
1689 1
1690 1
1691 1
1693 2
1694 3
1699 2
1701 2
1714 2
1717 2
1742 4
1744 1
1749 2
1752 4
1753 4
1754 3
1755 1
1756 1
1757 1
1762 2
1771 2
1775 1
1776 2
1800 2
1806 3
1807 1
1811 3
1816 3
1818 1
1820 2
1824 5
1829 2
1845 5
1921 4
1925 19
1926 1
1929 3
1930 1
1931 2
1932 2
1937 3
1947 9
1953 20
1954 8
1957 3
1958 2
1959 1
1961 14
1962 9
1969 4
1970 3
1972 2
1974 2
1976 3
1990 7
1991 2
1992 3
2002 1
2003 4
2004 5
2014 1
2015 2
2016 4
2018 2
2023 3
2222 3
2226 2
2232 2
2235 2
2243 2
2247 3
2250 1
2255 2
2259 7
2260 1
2268 2
2269 23
2271 8
2276 8
2278 10
2280 1
2281 1
2284 4
2286 32
2290 10
2291 3
2298 1
2304 2
2308 4
2310 1
2317 4
2320 2
2324 3
2327 1
2332 2
2336 6
2339 1
2340 2
2343 2
2347 2
2352 3
2359 1
2363 3
2364 3
2365 1
2368 3
2372 1
2377 8
2513 1
2584 1
2586 1
2588 15
2590 2
2592 109
2593 19
2601 14
2626 2
2636 4
2638 2
2639 1
2673 5
2675 2
2676 2
2677 1
2712 2
2722 5
2745 4
fn=handle_preload_list
182 3
789 1
793 2
795 1
797 2
799 15
800 3
808 3
852 11
853 3
857 5
860 4
861 3
863 4
864 2
870 1
872 2
874 2
875 1
878 9
fn=init_tls
734 4
736 2
740 2
746 2
749 1
750 1
751 1
756 1
759 2
762 1
769 2
770 2
776 2
780 1
783 5
fn=map_doit
641 6
643 4
644 6
646 3
fn=version_check_doit
674 6
676 6
680 3
fl=./elf/./get-dynamic-info.h
fn=_dl_start
45 76
49 36
51 10
52 5
54 20
55 16
56 5
59 4
62 4
64 4
68 20
72 3
84 4
85 3
86 4
87 4
88 5
89 3
90 4
91 4
103 10
110 3
123 3
129 3
130 3
133 2
134 3
139 5
142 5
fn=dl_main
39 4
43 1
45 95
49 46
51 8
52 4
54 16
55 12
56 5
59 4
62 4
64 4
68 23
72 4
110 4
115 2
122 3
123 4
129 3
147 4
162 4
184 3
fl=./elf/./setup-vdso.h
fn=dl_main
24 2
fl=./gmon/../string/bits/string_fortified.h
fn=_mcleanup
59 16
fn=write_gmon
29 23
59 2
112 3
fl=./gmon/../sysdeps/posix/profil.c
fn=__profil_counter
42 94780
47 165865
49 47390
50 46706
fn=profil
66 16
75 8
78 8
82 6
84 1
85 7
88 2
103 1
104 2
105 1
106 1
109 2
115 1
117 6
120 1
121 7
122 2
123 4
124 18
fl=./gmon/../sysdeps/unix/sysv/linux/not-cancel.h
fn=write_gmon
80 19
fl=./gmon/../sysdeps/unix/sysv/linux/prof-freq.c
fn=__profile_frequency
26 2
27 4
28 2
fl=./gmon/../sysdeps/unix/sysv/linux/profil-counter.h
fn=__profil_counter
25 23695
32 23695
fl=./gmon/../sysdeps/unix/sysv/linux/sigsetops.h
fn=profil
62 1
fl=./gmon/../sysdeps/x86_64/_mcount.S
fn=mcount
26 5014
28 5014
30 5014
32 5014
34 5014
36 5014
38 5014
40 5014
42 5014
47 5014
49 5014
50 5014
53 5014
55 5014
57 5014
59 5014
61 5014
63 5014
65 5014
67 5014
69 5014
fl=./gmon/./gmon/gmon.c
fn=_mcleanup
113 5
115 2
116 1
464 3
467 3
468 1
471 2
476 1
477 2
fn=callback
57 1
58 3
65 2
66 1
69 1
70 1
fn=monstartup
104 3
107 4
108 1
118 1
125 12
132 5
133 5
134 2
145 2
152 4
153 4
154 3
157 5
158 1
165 1
167 1
168 6
169 2
170 1
171 1
173 6
175 3
176 4
183 1
184 1
185 1
186 2
189 1
191 1
192 3
195 9
210 1
213 10
fn=write_gmon
220 1
222 4
233 11
255 5
257 3
258 2
260 1
271 1
280 137
282 32
283 32
285 32
286 32
291 1225
293 2035
298 6
300 9
301 3
311 21
312 18
313 6
314 6
315 12
317 9
324 5
325 1
333 1
337 6
347 4
348 4
354 3
377 8
381 4
382 2
393 6
395 2
419 1
421 4
424 1
426 3
430 1
433 2
438 2
439 11
fl=./gmon/./gmon/mcount.c
fn=__mcount_internal
64 10028
76 20056
85 5014
86 10028
97 10026
101 15039
102 5013
103 10026
107 5022
108 6
112 3
113 3
114 3
115 3
116 3
119 10020
120 15030
124 5010
125 5010
173 5014
174 5014
fl=./io/../sysdeps/unix/sysv/linux/access.c
fn=access
25 1
27 7
31 1
fl=./io/../sysdeps/unix/sysv/linux/close_nocancel.c
fn=__GI___close_nocancel
25 3
26 12
27 3
fn=__close_nocancel
25 11
26 44
27 11
fl=./io/../sysdeps/unix/sysv/linux/close_nocancel_nostatus.c
fn=__close_nocancel_nostatus
25 1
26 2
27 1
fl=./io/../sysdeps/unix/sysv/linux/fstat64.c
fn=fstat
30 15
39 60
72 15
fl=./io/../sysdeps/unix/sysv/linux/fstatat64.c
fn=fstatat
91 6
146 6
160 4
161 11
162 1
fl=./io/../sysdeps/unix/sysv/linux/open64.c
fn=open
30 99
33 22
36 55
38 11
41 99
43 55
fl=./io/../sysdeps/unix/sysv/linux/open64_nocancel.c
fn=__open_nocancel
28 36
31 47
34 5
35 1
36 1
39 58
41 17
fl=./io/../sysdeps/unix/sysv/linux/pread64_nocancel.c
fn=__pread64_nocancel
25 4
26 8
27 2
fl=./io/../sysdeps/unix/sysv/linux/read_nocancel.c
fn=__read_nocancel
25 2
26 8
27 2
fl=./io/../sysdeps/unix/sysv/linux/stat64.c
fn=stat
28 6
29 12
fl=./io/../sysdeps/unix/sysv/linux/write.c
fn=write
25 4062
26 9478
27 2708
fl=./io/../sysdeps/unix/sysv/linux/write_nocancel.c
fn=__write_nocancel
25 1
26 4
27 1
fl=./libio/../include/printf_buffer.h
fn=__vsprintf_internal
124 11
126 44
127 11
128 11
fl=./libio/../include/sys/sysmacros.h
fn=_IO_file_doallocate
47 6
fl=./libio/./libio/filedoalloc.c
fn=_IO_file_doallocate
68 108
74 108
76 48
79 2
81 2
84 1
87 49
91 24
92 24
94 60
95 12
96 96
fl=./libio/./libio/fileops.c
fn=_IO_do_write@@GLIBC_2.2.5
458 12198
460 9514
461 6782
468 2708
475 5416
483 9478
484 8124
486 4062
487 2708
488 1354
489 4061
490 6769
fn=_IO_file_close
1225 11
1228 22
fn=_IO_file_close_it@@GLIBC_2.2.5
129 77
131 33
134 44
135 22
136 99
173 22
175 11
176 66
179 33
187 55
188 44
191 22
192 11
193 11
194 11
196 22
197 77
fn=_IO_file_finish@@GLIBC_2.2.5
202 11
203 22
209 22
fn=_IO_file_fopen@@GLIBC_2.2.5
247 132
256 22
258 121
281 132
315 66
318 22
321 33
322 22
391 132
fn=_IO_file_open
216 121
218 22
219 22
222 22
223 22
225 11
226 66
229 33
239 22
240 11
241 55
fn=_IO_file_overflow@@GLIBC_2.2.5
766 8406
767 4203
774 6981
777 24
779 24
780 84
789 36
798 36
799 12
800 12
801 12
802 12
803 36
805 36
806 60
807 2
809 2802
810 639
811 2028
812 1524
813 5720
815 4431
816 2286
817 3048
818 3
819 3
821 762
822 3564
fn=_IO_file_setbuf@@GLIBC_2.2.5
416 6
417 3
420 1
422 3
424 2
425 3
fn=_IO_file_stat
1207 12
1208 24
fn=_IO_file_sync@@GLIBC_2.2.5
827 6
832 4
834 2
835 2
840 2
851 2
855 3
fn=_IO_file_write@@GLIBC_2.2.5
1234 10832
1235 2708
1236 8124
1240 4062
1241 4062
1242 2708
1247 1354
1248 1354
1249 1354
1251 4062
1252 4062
1255 8124
fn=_IO_file_xsputn@@GLIBC_2.2.5
1259 5112
1261 639
1265 1917
1266 639
1272 3195
1274 639
1289 1917
1305 4473
1311 1278
1312 3195
1314 1917
1325 1278
1326 3195
1328 1917
1329 4473
fn=_IO_new_file_init_internal
107 66
111 11
112 11
114 11
115 11
116 33
fl=./libio/./libio/fputc.c
fn=fputc
32 38500
35 11000
36 38500
41 33000
fl=./libio/./libio/genops.c
fn=_IO_cleanup
810 5
811 8
814 12
818 3
819 36
827 6
829 9
832 9
834 6
836 4
838 2
840 3
841 1
845 5
847 3
854 3
856 38
857 3
861 8
862 2
882 11
883 2
895 11
fn=_IO_default_finish
68 22
628 66
630 33
636 33
639 33
651 33
fn=_IO_default_setbuf
356 5
358 1
359 1
363 2
478 10
479 5
481 4
483 3
484 2
488 1
492 4
493 1
494 6
fn=_IO_default_xsputn
397 7029
400 2556
401 639
405 2744
407 638
408 1276
410 1276
415 3157
419 5874
420 2596
421 2552
423 638
425 1701
427 47
430 5112
fn=_IO_doallocbuf
369 48
370 24
372 48
373 72
376 24
fn=_IO_flush_all
713 11
714 2
718 5
719 8
722 12
724 3
725 36
727 18
734 9
735 12
742 39
743 3
747 8
748 2
752 11
fn=_IO_link_in
109 88
110 110
112 33
114 77
115 121
116 11
117 110
119 22
122 22
123 22
124 22
126 11
128 143
129 11
130 66
131 22
134 121
fn=_IO_no_init
589 121
590 11
591 11
592 22
594 11
598 66
605 11
607 11
613 11
614 11
615 66
fn=_IO_old_init
557 11
558 22
560 55
565 88
570 11
576 33
581 33
582 22
584 11
fn=_IO_setb
355 115
356 114
357 11
358 23
359 23
361 204
364 90
fn=_IO_un_link
67 22
68 44
104 22
fn=_IO_unsave_markers
977 11
979 22
984 22
986 11
fn=__GI__IO_un_link.part.0
66 88
72 55
73 99
74 11
75 143
77 22
81 11
82 11
83 11
84 22
85 11
96 44
98 132
99 11
100 66
101 22
104 88
fn=__overflow
225 715
227 2145
229 1430
fl=./libio/./libio/iofclose.c
fn=fclose@@GLIBC_2.2.5
34 88
48 33
49 11
51 143
52 33
53 33
57 44
58 33
71 22
76 77
fl=./libio/./libio/iofopen.c
fn=fopen@@GLIBC_2.2.5
37 22
65 22
67 33
70 22
72 77
73 22
74 22
75 77
85 99
87 77
fl=./libio/./libio/iovsprintf.c
fn=__vsprintf_internal
37 121
45 22
47 11
62 55
66 33
68 11
70 22
71 66
fl=./libio/./libio/libioP.h
fn=_IO_cleanup
1037 4
1038 2
fn=_IO_default_setbuf
1037 3
1038 2
fn=_IO_default_xsputn
1037 2011
1038 94
fn=_IO_do_write@@GLIBC_2.2.5
1037 4062
1038 2708
fn=_IO_doallocbuf
1037 36
1038 24
fn=_IO_file_close_it@@GLIBC_2.2.5
1037 33
1038 22
fn=_IO_file_doallocate
1037 36
1038 24
fn=_IO_file_xsputn@@GLIBC_2.2.5
1037 1917
1038 1917
fn=_IO_flush_all
1037 2
fn=__overflow
1037 2145
1038 1430
fn=fclose@@GLIBC_2.2.5
963 44
964 44
970 22
991 55
992 110
1037 33
1038 22
fl=./libio/./libio/stdfiles.c
fn=_IO_stdfiles_init
64 1
66 2
67 12
68 3
69 3
70 1
fl=./libio/./libio/vtables.c
fn=check_stdfiles_vtables
545 1
546 4
547 3
548 3
550 1
fl=./malloc/../string/bits/string_fortified.h
fn=__libc_calloc2
59 3
fn=tcache_free_init
59 104
fl=./malloc/../sysdeps/generic/calloc-clear-memory.h
fn=__libc_calloc2
25 2
27 2
fl=./malloc/../sysdeps/unix/sysv/linux/not-cancel.h
fn=__ptmalloc_init
96 7
fl=./malloc/./malloc/arena.c
fn=__libc_calloc2
151 2
fn=__libc_malloc2
151 28
fn=__ptmalloc_init
251 6
275 2
288 4
292 4
293 4
294 4
295 4
296 4
297 4
298 4
300 4
301 4
302 4
305 4
307 4
317 8
fn=free
151 36
fl=./malloc/./malloc/malloc.c
fn=__libc_calloc2
3645 8
3652 2
3662 1
3663 3
3684 4
3686 10
3689 3
3714 1
3726 3
3729 5
3733 1
3735 6
fn=__libc_malloc2
3247 84
3251 28
3253 42
3254 70
3279 70
fn=__ptmalloc_init
1853 385
1856 381
1864 2
2960 2
2974 3
2975 1
2976 5
fn=_int_free_chunk
4351 48
4356 36
4359 24
4362 24
4365 24
4368 12
4373 24
4400 36
fn=_int_free_maybe_trim
4528 132
4531 24
4533 44
4536 65
4537 5
4550 128
fn=_int_free_merge_chunk
1895 36
4407 96
4408 12
4414 60
4417 96
4422 36
4425 24
4426 48
4433 24
4445 36
4446 84
4458 24
4464 2
4468 1
4472 2
4480 1
4481 1
4482 2
4484 3
4501 1
4502 1
4503 1
4504 1
4506 3
4507 1
4515 11
4516 33
4517 22
fn=_int_malloc
1288 90
1888 42
1912 4
1921 2
2324 3
2325 1
2336 2
2361 5
2362 2
2371 4
2380 4
2441 2
2449 2
2450 1
2460 2
2467 4
2475 2
2477 5
2478 4
2480 1
2483 2
2521 3
2522 2
2523 3
2529 4
2532 4
2560 1
2572 3
2591 1
2594 2
2595 7
2597 2
2598 5
2610 4
2650 1
2652 1
2653 5
2654 1
2665 3
2698 3
2699 1
2703 1
2704 2
2707 2
2709 1
2710 1
2711 1
2712 7
2713 2
2715 1
3790 120
3822 30
3831 30
3847 30
3849 12
3850 4
3852 6
3901 132
3918 60
3919 45
3930 60
4122 30
4124 54
4127 39
4195 15
4196 30
4197 30
4198 30
4199 45
4204 60
4208 62
4211 24
4308 30
4309 45
4311 30
4314 60
4316 14
4317 28
4318 14
4319 112
4321 28
4324 14
4335 1
4336 4
4340 135
fn=alloc_perturb
1887 1
1888 3
1890 1
fn=calloc
1269 2
1288 4
3739 1
3742 4
3751 3
3780 2
fn=free
3003 11
3007 44
3008 11
3015 22
3319 24
3322 48
3330 12
3333 72
3337 48
3341 72
3347 36
3350 36
3351 24
3353 60
3354 11
3364 3
3365 1
3370 24
3374 36
fn=malloc
1269 46
1288 92
3030 20
3034 40
3038 10
3039 10
3283 23
3287 69
3289 36
3291 24
3293 72
3294 10
3306 13
fn=systrim.constprop.0
2743 3
2745 1
2746 2
2747 1
2750 3
2751 1
2753 4
2755 2
2795 1
fn=tcache_free_init
2941 3
3210 2
3218 5
3220 2
3228 2
3229 13
3312 5
3314 2
3315 3
fl=./malloc/./malloc/morecore.c
fn=__glibc_morecore
25 6
26 4
29 2
30 4
34 4
fl=./malloc/./malloc/scratch_buffer_set_array_size.c
fn=__libc_scratch_buffer_set_array_size
30 26
34 2
35 4
45 4
46 2
63 12
fl=./misc/../sysdeps/unix/syscall-template.S
fn=mprotect
117 20
122 4
fn=munmap
117 5
122 1
fl=./misc/../sysdeps/unix/sysv/linux/brk.c
fn=brk
36 2
37 4
38 4
44 2
45 2
fl=./misc/../sysdeps/unix/sysv/linux/brk_call.h
fn=brk
24 4
fl=./misc/../sysdeps/unix/sysv/linux/mmap64.c
fn=mmap
47 84
50 24
53 53
58 72
60 48
fl=./misc/../sysdeps/unix/sysv/linux/setvmaname.c
fn=__is_decorate_maps_enabled
33 1
34 3
43 2
fn=__set_vma_name
34 8
37 12
42 1
60 8
70 4
fl=./misc/./misc/init-misc.c
fn=__init_misc
30 5
31 5
33 4
37 6
38 4
40 2
fl=./misc/./misc/sbrk.c
fn=sbrk
37 10
40 4
43 4
58 4
59 4
62 4
63 4
66 4
67 1
74 4
78 7
fl=./nptl/./nptl/alloca_cutoff.c
fn=__libc_alloca_cutoff
27 1
28 9
35 1
fl=./nptl/./nptl/cancellation.c
fn=__syscall_cancel
37 2730
38 2730
40 4261
74 6825
79 2730
80 4095
fl=./nptl/./nptl/libc-cleanup.c
fn=__libc_cleanup_pop_restore
54 24
55 24
57 48
59 48
60 72
71 24
fn=__libc_cleanup_push_defer
24 24
25 24
27 48
29 48
32 48
46 72
48 24
49 24
fl=./nptl/./nptl/pthread_mutex_conf.c
fn=__pthread_tunables_init
55 5
56 6
58 4
60 4
62 6
fl=./nptl/./nptl/pthread_mutex_lock.c
fn=pthread_mutex_lock@@GLIBC_2.2.5
44 2
45 14
46 6
71 8
74 2
76 2
78 6
81 2
83 4
90 4
95 4
104 2
110 6
111 4
158 2
160 2
163 2
166 4
fl=./nptl/./nptl/pthread_mutex_unlock.c
fn=pthread_mutex_unlock@@GLIBC_2.2.5
39 2
40 8
41 2
51 2
52 4
55 4
60 2
63 2
68 2
70 2
72 4
75 6
78 4
357 8
359 4
fl=./posix/../malloc/dynarray-skeleton.c
fn=__unregister_atfork
243 1
fl=./posix/../sysdeps/unix/sysv/linux/_exit.c
fn=_Exit
27 3
30 2
fl=./posix/./posix/register-atfork.c
fn=__unregister_atfork
71 2
82 5
83 4
109 4
110 2
fl=./resource/../sysdeps/unix/sysv/linux/getrlimit64.c
fn=getrlimit
38 2
39 7
40 1
fl=./setjmp/../sysdeps/x86_64/bsd-_setjmp.S
fn=_setjmp
28 1
30 1
32 1
fl=./setjmp/../sysdeps/x86_64/setjmp.S
fn=__sigsetjmp
31 4
33 4
42 4
43 8
44 4
48 4
49 4
50 4
51 4
52 4
54 8
56 4
57 4
58 4
60 8
62 4
67 1
68 1
70 3
73 3
74 3
81 3
82 3
85 1
fl=./setjmp/./setjmp/sigjmp.c
fn=__sigjmp_save
28 1
29 1
30 2
34 2
fl=./signal/../string/bits/string_fortified.h
fn=__libc_sigaction
29 48
fl=./signal/../sysdeps/unix/sysv/linux/libc_sigaction.c
fn=__libc_sigaction
43 16
48 4
50 4
53 10
58 20
63 8
65 2
67 2
68 2
71 12
fl=./stdio-common/../include/../locale/localeinfo.h
fn=__printf_fp_l_buffer
330 3
fl=./stdio-common/../include/printf_buffer.h
fn=__printf_buffer
163 11000132
fn=__printf_buffer_flush
115 1430
fn=__printf_buffer_to_file_init
124 5500024
127 2750012
128 2750012
137 5500024
fn=__printf_fp_buffer_1.isra.0
163 4
fl=./stdio-common/../include/rounding-mode.h
fn=__printf_fp_buffer_1.isra.0
52 2
fl=./stdio-common/../libio/libioP.h
fn=__printf_buffer_to_file_done
1037 1917
1038 1917
fl=./stdio-common/../string/bits/string_fortified.h
fn=__printf_buffer_write
29 16500273
fn=__printf_fp_buffer_1.isra.0
29 4
fl=./stdio-common/../sysdeps/generic/get-rounding-mode.h
fn=__printf_fp_buffer_1.isra.0
94 1
95 7
fl=./stdio-common/../sysdeps/pthread/allocalim.h
fn=__printf_fp_buffer_1.isra.0
27 2
29 5
fl=./stdio-common/./stdio-common/Xprintf_buffer_done.c
fn=__printf_buffer_done
25 2750023
26 8250069
31 5500046
33 30250253
40 2750023
fl=./stdio-common/./stdio-common/Xprintf_buffer_flush.c
fn=__printf_buffer_flush
61 3575
62 1430
66 1430
70 2145
71 715
72 2145
fl=./stdio-common/./stdio-common/Xprintf_buffer_write.c
fn=__printf_buffer_write
27 66000728
28 24750273
31 38500546
33 27503315
35 2860
36 5500091
37 11000182
40 16500273
41 5500091
44 49500546
fl=./stdio-common/./stdio-common/_fitoa_word.c
fn=_itoa_word
24 5500066
25 11000132
29 13750165
38 38501411
47 5500066
fl=./stdio-common/./stdio-common/printf-parse.h
fn=__printf_buffer
82 24750251
fl=./stdio-common/./stdio-common/printf_buffer_flush.c
fn=__printf_buffer_flush
41 5005
53 715
54 715
fl=./stdio-common/./stdio-common/printf_buffer_to_file.c
fn=__printf_buffer_flush_to_file
49 3575
51 2860
53 2860
68 2145
86 2145
89 715
91 2145
98 1430
99 1430
103 715
104 1430
fn=__printf_buffer_to_file_done
51 11000048
53 13750060
58 1917
59 4473
65 4062
66 2708
68 8248119
72 1430
74 5005
86 8245974
89 2748658
91 8245974
98 1232
99 1232
103 2748658
117 11000048
118 8250036
121 5500024
122 2750012
fn=__printf_buffer_to_file_init
108 2750012
109 5500024
111 2750012
112 2750012
fn=__printf_buffer_to_file_switch
29 2751366
30 11005464
34 2750726
35 5502092
40 1280
41 640
44 2751366
45 2751366
fl=./stdio-common/./stdio-common/printf_fp.c
fn=__printf_fp_buffer_1.isra.0
91 18
93 18
95 12
101 12
105 42
107 24
108 6
110 12
111 30
122 18
123 12
124 30
127 6
138 15
159 8
177 1
187 1
221 2
222 1
226 3
230 17
234 1
266 5
267 1
268 2
271 16
272 15
273 14
279 1
280 2
294 3
297 3
301 4
305 3
306 2
308 6
309 9
310 2
311 5
313 3
318 13
322 64
324 7
327 2
337 2
368 2
369 4
375 4
376 2
377 1
380 2
381 2
382 3
385 18
388 4
389 8
390 5
391 4
394 12
396 39
397 2
403 3
407 12
411 7
413 2
427 2
439 6
442 7
452 2
458 2
460 1
461 6
463 5
477 2
665 2
674 6
676 2
680 2
686 2
688 1
689 4
692 5
694 8
696 2
738 4
746 3
759 16
760 2
763 2
766 26
769 9
771 1
773 5
775 3
787 1
788 3
789 9
790 16
792 6
793 6
794 18
795 12
805 4
806 4
808 7
924 3
931 2
935 3
980 5
983 2
987 5
988 1
991 2
994 4
996 8
1001 2
1003 2
1006 2
1009 3
1022 4
1024 2
1028 2
1030 11
fn=__printf_fp_l_buffer
1099 15
1102 3
1111 1
1112 2
1115 5
1116 5
1117 2
1122 7
1126 1
1147 11
fn=hack_digit
88 24
91 12
93 12
95 8
101 8
105 28
107 16
108 4
110 8
111 24
122 20
123 12
124 20
127 8
128 24
fl=./stdio-common/./stdio-common/vfprintf-internal.c
fn=__printf_buffer
263 3
264 3
266 1
601 38500322
628 13750115
630 2750023
633 2750023
637 11000092
641 2750023
652 5500046
653 8250069
654 8250069
658 5500046
662 24750207
682 5500070
683 2750034
684 2750034
685 2750034
686 2750034
689 2750034
690 2750034
691 2750034
692 2750034
693 2750034
694 2750034
697 2750034
698 2750034
704 38500476
743 2
783 5500066
973 4
975 32
995 12
996 2
1000 1
1017 2750034
1023 2750034
1027 8250102
1028 5500068
1030 5500101
1043 30250253
fn=__vfprintf_internal
1526 41250180
1529 13750048
1533 13750060
1544 5500024
1547 8250036
1548 13750060
1549 8250036
1571 30250132
fl=./stdio-common/./stdio-common/vfprintf-process-arg.c
fn=__printf_buffer
35 2750033
48 5500066
50 5500066
52 5500066
53 22000264
57 8250099
58 8250099
60 2750033
136 5500066
138 2750033
155 38500462
161 22000264
163 2750033
164 8250099
170 19250231
174 2750033
186 5500066
187 5823790
195 13750165
197 8250099
199 10919201
201 242793
208 11161994
211 5500066
230 80931
233 8007306
236 5500066
237 2750033
240 13750165
fl=./stdlib/../sysdeps/ieee754/dbl-64/dbl2mpn.c
fn=__mpn_extract_double
33 2
35 1
37 3
38 5
47 3
56 3
103 2
107 2
fl=./stdlib/../sysdeps/unix/sysv/linux/getrandom.c
fn=__getrandom_early_init
238 7
241 6
278 5
fl=./stdlib/../sysdeps/x86/gmp-arch.h
fn=__mpn_divrem
29 30
fl=./stdlib/../sysdeps/x86_64/lshift.S
fn=__mpn_lshift
28 1
29 1
30 1
32 1
33 1
34 1
46 1
47 1
48 1
49 1
50 1
51 1
52 1
58 1
59 1
60 1
fl=./stdlib/../sysdeps/x86_64/mul_1.S
fn=__mpn_mul_1
31 11
32 11
35 11
36 11
37 11
38 11
39 11
41 11
42 11
44 11
45 11
46 11
47 11
48 10
50 10
51 10
52 10
53 10
79 1
80 1
81 1
82 1
83 1
84 1
85 1
86 1
87 1
113 1
114 1
115 1
117 1
118 1
119 1
120 1
121 1
122 11
124 11
127 11
fl=./stdlib/../sysdeps/x86_64/rshift.S
fn=__mpn_rshift
28 2
29 2
30 2
31 2
44 2
45 2
61 2
62 2
63 2
64 2
65 2
66 2
67 2
72 2
73 2
74 2
75 2
76 2
fl=./stdlib/./stdlib/cmp.c
fn=__mpn_cmp
31 2
35 4
37 2
38 2
39 4
47 10
fl=./stdlib/./stdlib/cxa_atexit.c
fn=__cxa_atexit
41 4
43 16
44 4
46 4
52 6
53 2
54 2
55 2
56 2
57 10
58 2
67 14
69 12
fn=__new_exitfn
80 10
81 2
86 4
91 14
93 8
94 4
101 1
104 2
122 1
123 1
129 3
130 2
134 1
136 2
137 2
141 6
fl=./stdlib/./stdlib/cxa_finalize.c
fn=__cxa_finalize
45 10
48 7
51 7
55 7
108 7
112 6
120 2
121 4
122 8
fl=./stdlib/./stdlib/cxa_thread_atexit_impl.c
fn=__call_tls_dtors
148 5
149 4
165 4
fl=./stdlib/./stdlib/divrem.c
fn=__mpn_divrem
45 120
46 10
48 20
61 10
62 10
64 20
71 100
75 20
78 10
80 10
233 90
fl=./stdlib/./stdlib/exit.c
fn=__run_exit_handlers
45 12
47 9
50 2
51 2
53 7
64 1
66 2
70 1
74 9
76 4
77 2
79 14
111 2
112 2
113 2
114 6
117 8
118 6
119 8
123 6
129 2
130 2
136 4
138 2
139 2
141 2
fn=exit
147 3
148 4
fl=./stdlib/./stdlib/getenv.c
fn=getenv
25 10
29 1
42 2
43 4
44 1
46 3
47 94
49 94
50 188
55 279
56 144
69 3
154 8
fl=./stdlib/./stdlib/mul.c
fn=__mpn_mul
48 17
54 2
66 2
71 1
72 2
81 2
83 1
88 2
141 1
142 11
fl=./string/../include/rtld-malloc.h
fn=strdup
56 6
fl=./string/../string/strcspn.c
fn=strcspn
32 5
33 3
34 2
39 6
40 4
41 4
42 4
44 1
47 9
48 6
51 4
52 4
53 4
54 4
56 3
61 13
62 26
63 26
64 26
65 13
67 78
69 1
70 4
71 2
fl=./string/../string/strstr.c
fn=__GI_strstr
45 11
77 143
82 33
84 55
85 22
161 132
fl=./string/../sysdeps/x86/cacheinfo.c
fn=__x86_cacheinfo
86 3
fl=./string/../sysdeps/x86/cacheinfo.h
fn=__x86_cacheinfo
62 1
65 3
67 3
68 1
74 3
76 3
77 1
81 2
84 2
86 2
87 2
88 2
90 2
fl=./string/../sysdeps/x86_64/multiarch/../multiarch/memcmp-sse2.S
fn=bcmp
59 1
71 1
72 1
94 1
95 1
140 1
141 1
143 1
144 1
146 1
147 1
149 1
150 1
197 1
198 1
199 1
200 1
201 1
202 1
fl=./string/../sysdeps/x86_64/multiarch/../multiarch/memset-vec-unaligned-erms.S
fn=memset
137 8
138 40
143 8
144 8
147 3
148 3
150 1
151 1
152 1
236 2
237 2
249 2
252 2
253 2
265 2
266 2
279 2
280 2
282 2
285 1
288 2
291 36
292 36
293 36
294 36
295 36
296 36
297 36
300 2
301 2
302 2
303 2
308 2
354 5
356 5
357 5
396 5
397 5
399 5
fl=./string/../sysdeps/x86_64/multiarch/../multiarch/strchr-sse2.S
fn=index
32 15
33 15
34 15
35 15
36 15
37 15
38 15
39 15
40 15
41 15
42 15
43 15
44 15
45 15
46 15
47 15
48 15
49 15
50 13
54 13
55 13
56 13
57 13
59 13
63 2
64 2
65 2
66 2
67 2
68 2
69 2
70 2
71 2
72 2
73 2
74 2
75 2
76 2
77 2
78 2
79 2
80 2
81 2
82 2
83 2
84 2
85 2
86 2
138 2
142 2
143 2
144 2
145 2
147 2
fl=./string/../sysdeps/x86_64/multiarch/../multiarch/strcmp-sse2.S
fn=strcmp
98 190
131 190
132 190
134 190
135 190
156 190
157 190
158 87
159 87
160 51
161 51
162 51
163 51
180 51
181 51
182 51
183 51
184 51
185 51
186 51
191 14
192 42
201 153
202 153
203 153
204 153
205 153
206 153
207 153
208 153
209 93
210 49
211 49
212 49
214 93
215 93
216 93
217 93
218 93
219 93
229 60
230 60
231 60
233 60
239 60
240 60
241 60
242 60
243 60
248 60
250 60
251 60
252 120
260 60
261 60
264 60
265 60
266 60
267 60
268 60
269 60
542 1
543 1
544 1
545 1
546 1
548 1
549 1
550 1
551 1
552 1
553 1
554 1
555 1
559 1
560 1
561 1
567 1
568 1
569 2
573 1
574 1
577 1
578 1
579 1
581 1
582 1
583 1
587 1
588 1
589 1
590 1
591 1
592 1
661 2
662 2
663 2
664 2
665 2
667 2
668 2
669 2
670 2
671 2
672 2
673 2
674 2
678 2
679 2
680 2
686 2
687 2
688 4
692 2
693 2
696 2
697 2
698 2
700 2
701 2
702 2
706 2
707 2
708 2
709 2
710 2
711 2
780 2
781 2
782 2
783 2
784 2
786 2
787 2
788 2
789 2
790 2
791 2
792 2
793 1
797 1
798 1
799 1
805 1
806 1
807 2
811 1
812 1
815 1
816 1
817 1
819 1
820 1
821 1
825 1
826 1
827 1
828 1
829 1
830 1
837 1
838 1
840 1
841 1
843 1
844 1
845 1
847 1
848 1
849 1
853 1
854 1
855 1
856 1
857 1
858 1
899 10
900 10
901 10
902 10
903 10
905 10
906 10
907 10
908 10
909 10
910 10
911 10
912 10
916 10
917 10
918 10
924 10
925 10
926 20
930 10
931 10
934 10
935 10
936 10
938 10
939 10
940 10
944 10
945 10
946 10
947 10
948 10
949 10
1018 11
1019 11
1020 11
1021 11
1022 11
1024 11
1025 11
1026 11
1027 11
1028 11
1029 11
1030 11
1031 5
1035 5
1036 5
1037 5
1043 5
1044 5
1045 10
1049 5
1050 5
1053 5
1054 5
1055 5
1057 5
1058 5
1059 5
1063 5
1064 5
1065 5
1066 5
1067 5
1068 5
1075 1
1076 1
1078 1
1079 1
1081 1
1082 1
1083 1
1085 1
1086 1
1087 1
1091 1
1092 1
1093 1
1094 1
1095 1
1096 1
1137 4
1138 4
1139 4
1140 4
1141 4
1143 4
1144 4
1145 4
1146 4
1147 4
1148 4
1149 4
1150 2
1154 2
1155 2
1156 2
1162 2
1163 2
1164 4
1168 2
1169 2
1172 2
1173 2
1174 2
1176 2
1177 2
1178 2
1182 2
1183 2
1184 2
1185 2
1186 2
1187 2
1194 1
1195 1
1197 1
1198 1
1200 1
1201 1
1202 1
1204 1
1205 1
1206 1
1210 1
1211 1
1212 1
1213 1
1214 1
1215 1
1256 25
1257 25
1258 25
1259 25
1260 25
1262 25
1263 25
1264 25
1265 25
1266 25
1267 25
1268 25
1269 24
1273 24
1274 24
1275 24
1281 24
1282 24
1283 48
1287 24
1288 24
1291 24
1292 24
1293 24
1295 24
1296 24
1297 24
1301 24
1302 24
1303 24
1304 24
1305 24
1306 24
1375 5
1376 5
1377 5
1378 5
1379 5
1381 5
1382 5
1383 5
1384 5
1385 5
1386 5
1387 5
1388 3
1392 3
1393 3
1394 3
1400 3
1401 3
1402 6
1406 3
1407 3
1410 3
1411 3
1412 3
1414 3
1415 3
1416 3
1420 3
1421 3
1422 3
1423 3
1424 3
1425 3
1494 14
1495 14
1496 14
1497 14
1498 14
1500 14
1501 14
1502 14
1503 14
1504 14
1505 14
1506 14
1507 9
1511 9
1512 9
1513 9
1519 9
1520 9
1521 18
1525 9
1526 9
1529 9
1530 9
1531 9
1533 9
1534 9
1535 9
1539 9
1540 9
1541 9
1542 9
1543 9
1544 9
1551 1
1552 1
1554 1
1555 1
1557 1
1558 1
1559 1
1561 1
1562 1
1563 1
1567 1
1568 1
1569 1
1570 1
1571 1
1572 1
1613 3
1614 3
1615 3
1616 3
1617 3
1619 3
1620 3
1621 3
1622 3
1623 3
1624 3
1625 3
1732 5
1733 5
1734 5
1735 5
1736 5
1738 5
1739 5
1740 5
1741 5
1742 5
1743 5
1744 5
1745 3
1749 3
1750 3
1751 3
1757 3
1758 3
1759 6
1763 3
1764 3
1767 3
1768 3
1769 3
1771 3
1772 3
1773 3
1777 3
1778 3
1779 3
1780 3
1781 3
1782 3
1851 2
1852 2
1853 2
1854 2
1855 2
1857 2
1858 2
1859 2
1860 2
1861 2
1862 2
1863 2
1970 9
1971 9
1972 9
1973 9
1974 9
1976 9
1977 9
1978 9
1979 9
1980 9
1981 9
1982 9
1984 3
1988 3
1989 3
1990 3
1996 3
1997 3
1999 6
2003 3
2004 3
2007 3
2008 3
2009 3
2011 3
2012 3
2013 3
2017 3
2018 3
2019 3
2020 3
2021 3
2022 3
2093 123
2095 153
2096 153
2097 153
2098 153
2099 98
2104 190
2110 190
2111 190
2119 190
2120 190
fn=strncmp
98 1
125 1
126 1
127 1
128 1
129 1
131 1
132 1
134 1
135 1
156 1
157 1
158 1
159 1
201 1
202 1
203 1
204 1
205 1
206 1
207 1
208 1
209 1
210 1
211 1
212 1
214 1
215 1
216 1
217 1
218 1
219 1
1613 1
1614 1
1615 1
1616 1
1617 1
1619 1
1620 1
1621 1
1622 1
1623 1
1624 1
1625 1
2095 1
2096 1
2097 1
2098 1
2099 2
2104 1
2107 1
2108 1
2110 1
2111 1
2119 1
2120 1
fl=./string/../sysdeps/x86_64/multiarch/../multiarch/strlen-sse2.S
fn=strlen
57 15
101 15
102 15
103 15
104 15
105 15
106 15
107 15
109 15
111 15
142 15
143 15
144 15
145 15
146 15
147 9
149 9
153 6
154 6
155 6
156 6
157 6
158 6
159 6
160 6
161 6
162 6
163 6
164 6
169 48
fl=./string/../sysdeps/x86_64/multiarch/ifunc-avx2.h
fn=memrchr
38 3
40 4
41 2
42 3
46 4
49 3
52 5
fn=rindex
38 3
40 4
41 2
42 3
46 4
49 3
52 5
fn=strchrnul
38 3
40 4
41 2
42 3
46 4
49 3
52 5
fn=strlen
38 3
40 4
41 2
42 3
46 4
49 3
52 5
fn=strnlen
38 6
40 8
41 4
42 6
46 8
49 6
52 10
fl=./string/../sysdeps/x86_64/multiarch/ifunc-evex.h
fn=memchr
37 3
38 4
39 3
43 2
51 3
54 4
fl=./string/../sysdeps/x86_64/multiarch/ifunc-memcmp.h
fn=bcmp
34 7
35 2
37 3
41 2
44 3
47 5
fl=./string/../sysdeps/x86_64/multiarch/ifunc-memmove.h
fn=memcpy@@GLIBC_2.14
56 6
57 4
60 6
61 4
74 4
77 4
85 4
93 4
96 10
fn=memmove
56 3
57 2
60 3
61 2
74 2
77 2
85 2
93 2
96 5
fn=mempcpy
56 3
57 2
60 3
61 2
74 2
77 2
85 2
93 2
96 5
fl=./string/../sysdeps/x86_64/multiarch/ifunc-memset.h
fn=memset
52 1
53 2
61 5
64 3
65 2
80 2
84 4
92 2
100 2
fl=./string/../sysdeps/x86_64/multiarch/ifunc-sse4_2.h
fn=strcspn
36 5
fn=strpbrk
36 5
fn=strspn
36 5
fl=./string/../sysdeps/x86_64/multiarch/ifunc-strcasecmp.h
fn=strcasecmp
36 1
37 4
38 3
42 4
45 3
48 4
fn=strcasecmp_l
36 1
37 4
38 3
42 4
45 3
48 4
fn=strncasecmp
36 1
37 4
38 3
42 4
45 3
48 4
fn=strncasecmp_l
36 1
37 4
38 3
42 4
45 3
48 4
fl=./string/../sysdeps/x86_64/multiarch/ifunc-strcpy.h
fn=stpcpy
38 4
39 3
43 4
46 3
49 3
fn=strcat
38 4
39 3
43 4
46 3
49 3
fn=strcpy
38 4
39 3
43 4
46 3
49 3
fl=./string/../sysdeps/x86_64/multiarch/ifunc-strncpy.h
fn=stpncpy
35 5
36 3
40 4
43 3
46 5
fn=strncpy
35 5
36 3
40 4
43 3
46 5
fl=./string/../sysdeps/x86_64/multiarch/memchr.c
fn=memchr
29 2
fl=./string/../sysdeps/x86_64/multiarch/memcmp.c
fn=bcmp
29 3
fl=./string/../sysdeps/x86_64/multiarch/memcpy.c
fn=memcpy@@GLIBC_2.14
29 2
fl=./string/../sysdeps/x86_64/multiarch/memmove-vec-unaligned-erms.S
fn=???
251 12
fn=__memcpy_avx_unaligned_erms
255 8000596
256 8000596
262 8000596
263 8000596
265 2500500
266 2500500
267 2500500
305 5500096
306 5500096
308 5500090
309 5500090
311 5500088
315 5500088
316 5500057
317 5500057
318 5500057
319 5500057
320 34
321 34
323 5500057
325 5500057
331 31
332 31
333 31
334 31
335 31
342 6
343 6
344 6
345 6
347 6
364 2
365 2
366 2
367 2
368 2
386 2500500
387 2500500
392 2500500
393 2500500
417 2500500
418 2500500
422 2500500
424 2500500
428 2500500
429 2500500
440 2500500
443 2500500
445 2500500
447 2500500
451 2500500
452 2500500
461 2500500
462 2500500
464 2500500
466 2500500
467 2500500
468 2500500
471 2500500
473 2500500
475 2500500
477 5001000
483 37507500
484 37507500
485 37507500
486 37507500
487 37507500
488 37507500
489 37507500
490 37507500
491 37507500
492 37507500
493 37507500
494 37507500
496 2500500
497 2500500
498 2500500
499 2500500
501 2500500
505 5001000
fn=__memcpy_chk_avx_unaligned_erms
249 3
250 3
251 3
fn=memcpy
210 16
211 16
217 29
218 29
220 15
221 15
222 15
224 7
225 7
226 7
228 7
308 14
309 14
311 2
315 2
316 2
317 2
318 1
319 1
323 1
325 2
364 12
365 12
366 12
367 12
368 12
375 8
376 8
377 8
378 8
379 8
380 8
381 8
392 8
393 8
395 8
396 8
397 8
fn=mempcpy
197 13
198 13
199 13
200 13
fl=./string/../sysdeps/x86_64/multiarch/memmove.c
fn=memmove
29 1
fl=./string/../sysdeps/x86_64/multiarch/mempcpy.c
fn=mempcpy
33 1
fl=./string/../sysdeps/x86_64/multiarch/memrchr.c
fn=memrchr
29 1
fl=./string/../sysdeps/x86_64/multiarch/memset-vec-unaligned-erms.S
fn=__memset_avx2_unaligned_erms
198 1
199 2
204 1
205 1
206 1
207 1
208 1
229 1
230 1
321 1
322 1
323 1
324 1
325 1
326 11193
331 1
333 2
fl=./string/../sysdeps/x86_64/multiarch/memset.c
fn=memset
29 2
fl=./string/../sysdeps/x86_64/multiarch/stpcpy.c
fn=stpcpy
33 2
fl=./string/../sysdeps/x86_64/multiarch/stpncpy.c
fn=stpncpy
31 1
fn=strcasecmp
31 1
fl=./string/../sysdeps/x86_64/multiarch/strcasecmp.c
fn=strcasecmp
31 2
fl=./string/../sysdeps/x86_64/multiarch/strcasecmp_l.c
fn=strcasecmp_l
31 3
fl=./string/../sysdeps/x86_64/multiarch/strcat.c
fn=strcat
29 2
fl=./string/../sysdeps/x86_64/multiarch/strchr-avx2.S
fn=__strchr_avx2
53 11
55 11
56 11
57 11
58 11
59 11
62 11
63 11
67 11
68 11
69 11
70 11
71 11
72 11
73 11
74 11
77 11
85 11
93 11
94 22
fn=__strchrnul_avx2
53 5500057
55 5500057
56 5500057
57 5500057
58 5500057
59 5500057
62 5500057
63 5500057
67 5500057
68 5500057
69 5500057
70 5500057
71 5500057
72 5500057
73 5500057
74 5500057
87 5500057
89 11000114
fl=./string/../sysdeps/x86_64/multiarch/strchr.c
fn=index
42 2
43 4
44 3
48 4
51 3
54 3
65 2
fl=./string/../sysdeps/x86_64/multiarch/strchrnul.c
fn=strchrnul
31 1
fl=./string/../sysdeps/x86_64/multiarch/strcmp-avx2.S
fn=__strncmp_avx2
206 24
230 24
235 24
249 24
274 24
275 24
276 24
278 24
279 24
283 23
287 23
289 23
291 23
294 23
296 23
297 23
308 23
318 23
319 23
322 23
326 46
331 23
332 23
333 23
957 18
958 18
959 18
960 18
962 18
965 18
966 18
993 1
994 1
995 1
996 1
997 1
998 1
1000 1
1047 1
1048 1
1051 1
1052 1
1053 1
1056 2
1063 1
1064 1
1065 1
1066 1
1076 18
1077 18
1080 1
1081 1
1082 1
1083 1
1089 1
1091 1
1094 1
1095 1
fl=./string/../sysdeps/x86_64/multiarch/strcmp.c
fn=strcmp
47 1
48 4
49 3
53 4
56 3
59 3
79 2
fl=./string/../sysdeps/x86_64/multiarch/strcpy.c
fn=strcpy
29 2
fl=./string/../sysdeps/x86_64/multiarch/strcspn.c
fn=strcspn
29 2
fl=./string/../sysdeps/x86_64/multiarch/strlen-avx2.S
fn=__strlen_avx2
52 2
65 2
66 2
67 2
70 2
72 2
73 2
76 2
77 2
85 2
86 2
87 2
92 4
fl=./string/../sysdeps/x86_64/multiarch/strlen.c
fn=strlen
29 1
fl=./string/../sysdeps/x86_64/multiarch/strncase.c
fn=strncasecmp
31 3
fl=./string/../sysdeps/x86_64/multiarch/strncase_l.c
fn=strncasecmp_l
31 3
fl=./string/../sysdeps/x86_64/multiarch/strncmp.c
fn=strncmp
43 1
44 4
45 3
49 4
52 3
55 4
67 3
fl=./string/../sysdeps/x86_64/multiarch/strncpy.c
fn=strncpy
29 1
fl=./string/../sysdeps/x86_64/multiarch/strnlen.c
fn=strnlen
31 2
fl=./string/../sysdeps/x86_64/multiarch/strpbrk.c
fn=strpbrk
29 2
fl=./string/../sysdeps/x86_64/multiarch/strrchr-avx2.S
fn=__strrchr_avx2
53 1
54 1
55 1
57 1
58 1
62 1
63 1
64 1
67 1
69 1
70 1
71 1
72 1
75 1
76 1
78 1
79 1
80 1
81 1
82 1
91 2
fl=./string/../sysdeps/x86_64/multiarch/strrchr.c
fn=rindex
28 1
fl=./string/../sysdeps/x86_64/multiarch/strspn.c
fn=strspn
29 2
fl=./string/./string/strdup.c
fn=strdup
40 18
41 6
44 6
47 12
48 9
fl=./time/../sysdeps/unix/sysv/linux/clock_gettime.c
fn=clock_gettime@@GLIBC_2.17
30 2
38 4
40 4
44 4
68 4
69 4
fl=./time/../sysdeps/unix/sysv/linux/setitimer.c
fn=setitimer
29 2
31 8
60 2
fl=./wcsmbs/../sysdeps/x86_64/multiarch/ifunc-avx2.h
fn=wcschr
38 6
40 8
41 4
42 6
46 8
49 6
52 10
fn=wcscmp
38 3
40 4
41 2
42 3
46 4
49 3
52 5
fl=./wcsmbs/../sysdeps/x86_64/multiarch/ifunc-evex.h
fn=wmemchr
37 6
38 8
39 6
43 4
51 6
54 8
fl=./wcsmbs/../sysdeps/x86_64/multiarch/ifunc-memcmp.h
fn=wmemcmp
34 7
35 2
37 3
41 2
44 3
47 5
fl=./wcsmbs/../sysdeps/x86_64/multiarch/ifunc-wcs.h
fn=wcpncpy
39 2
40 4
41 3
45 2
48 4
fn=wcscat
39 2
40 4
41 3
45 2
48 4
fn=wcsncpy
39 2
40 4
41 3
45 2
48 4
fl=./wcsmbs/../sysdeps/x86_64/multiarch/ifunc-wcslen.h
fn=wcslen
40 1
41 4
42 3
46 4
49 3
52 3
fn=wcsnlen
40 1
41 4
42 3
46 4
49 3
52 3
fl=./wcsmbs/../sysdeps/x86_64/multiarch/ifunc-wmemset.h
fn=wmemset
36 10
37 6
40 4
48 6
51 8
fl=./wcsmbs/../sysdeps/x86_64/multiarch/wcpncpy.c
fn=wcpncpy
31 3
fl=./wcsmbs/../sysdeps/x86_64/multiarch/wcscat.c
fn=wcscat
31 3
fl=./wcsmbs/../sysdeps/x86_64/multiarch/wcschr.c
fn=wcschr
31 2
fl=./wcsmbs/../sysdeps/x86_64/multiarch/wcscmp.c
fn=wcscmp
30 1
fl=./wcsmbs/../sysdeps/x86_64/multiarch/wcscpy.c
fn=wcscpy
42 2
43 4
44 3
47 3
50 3
60 2
fl=./wcsmbs/../sysdeps/x86_64/multiarch/wcslen.c
fn=wcslen
29 2
fl=./wcsmbs/../sysdeps/x86_64/multiarch/wcsncpy.c
fn=wcsncpy
31 3
fl=./wcsmbs/../sysdeps/x86_64/multiarch/wcsnlen.c
fn=wcsnlen
30 2
fl=./wcsmbs/../sysdeps/x86_64/multiarch/wmemchr.c
fn=wmemchr
31 4
fl=./wcsmbs/../sysdeps/x86_64/multiarch/wmemcmp.c
fn=wmemcmp
29 3
fl=./wcsmbs/../sysdeps/x86_64/multiarch/wmemset.c
fn=wmemset
31 4
fl=/home/caick/Documentos/gol_parte2/GoL/C/gol.c
fn=evolve
34 80016
35 5001
36 4970994
38 17523504
39 6256321014
40 2500500000
42 11252250000
43 33756750000
44 71264250000
45 22504500000
50 6268753500
52 6339534370
56 10002000
57 15003
58 12527505
61 55011
fn=game
65 15
66 995
69 1502
70 750502
72 1499006
73 752000
75 1
81 15006
82 10002
83 66
85 20004
87 10013
fn=main
90 5
98 5
100 4
103 3
105 10
110 6
fn=save_pbm
8 187
9 16533
15 44
16 22
23 22022
24 8250033
29 22
30 121
fl=/usr/include/x86_64-linux-gnu/bits/stdio2.h
fn=main
118 4
fn=save_pbm
30 55
111 16516588
fl=???
fn=(below main)
0 12
fn=???
0 32570185
fn=__gmon_start__
0 13
fn=__popcountdi2
0 21
fn=atexit
0 4
summary: 162290664271
